# transform file ./transforms/cc_up.lta
# created by nhp on Tue Apr 11 12:01:11 2023

type      = 0 # LINEAR_VOX_TO_VOX
nxforms   = 1
mean      = 128.0000 132.0000 126.0000
sigma     = 10000.0000
1 4 4
9.998904466629028e-01 1.376327313482761e-02 -5.465390626341105e-03 -3.819782972335815e+00 
-1.376306731253862e-02 9.999053478240967e-01 7.522878149757162e-05 1.676244544982910e+01 
5.465907976031303e-03 0.000000000000000e+00 9.999851584434509e-01 -4.697668552398682e+00 
0.000000000000000e+00 0.000000000000000e+00 0.000000000000000e+00 1.000000000000000e+00 
src volume info
valid = 1  # volume info valid
filename = /media/nhp/data2/KIZ_data/NMT/free_data/subjects//2021_NMT.T1/mri/norm.mgz
volume = 256 256 256
voxelsize = 1.000000000000000e+00 1.000000000000000e+00 1.000000000000000e+00
xras   = -1.000000000000000e+00 -0.000000000000000e+00 0.000000000000000e+00
yras   = -0.000000000000000e+00 0.000000000000000e+00 -1.000000000000000e+00
zras   = -0.000000000000000e+00 1.000000000000000e+00 0.000000000000000e+00
cras   = -1.000000000000000e+00 -2.000000000000000e+00 -1.600000000000000e+01
dst volume info
valid = 1  # volume info valid
filename = /media/nhp/data2/KIZ_data/NMT/free_data/subjects//2021_NMT.T1/mri/norm.mgz
volume = 256 256 256
voxelsize = 1.000000000000000e+00 1.000000000000000e+00 1.000000000000000e+00
xras   = -1.000000000000000e+00 -0.000000000000000e+00 0.000000000000000e+00
yras   = -0.000000000000000e+00 0.000000000000000e+00 -1.000000000000000e+00
zras   = -0.000000000000000e+00 1.000000000000000e+00 0.000000000000000e+00
cras   = -1.000000000000000e+00 -2.000000000000000e+00 -1.600000000000000e+01
