# transform file transforms/talairach.lta
# created by nhp on Tue Apr 11 11:14:44 2023

type      = 0 # LINEAR_VOX_TO_VOX
nxforms   = 1
mean      = 128.0000 131.0000 126.0000
sigma     = 10000.0000
1 4 4
1.039180159568787e+00 -1.667695678770542e-02 6.603370275115594e-05 -4.279499053955078e+00 
1.759501174092293e-02 1.071962475776672e+00 4.863773286342621e-02 -2.378227615356445e+01 
6.514901760965586e-04 -5.385094508528709e-02 1.013977050781250e+00 -1.389472866058350e+01 
0.000000000000000e+00 0.000000000000000e+00 0.000000000000000e+00 1.000000000000000e+00 
src volume info
valid = 1  # volume info valid
filename = nu.mgz
volume = 256 256 256
voxelsize = 1.000000000000000e+00 1.000000000000000e+00 1.000000000000000e+00
xras   = -1.000000000000000e+00 -0.000000000000000e+00 0.000000000000000e+00
yras   = -0.000000000000000e+00 0.000000000000000e+00 -1.000000000000000e+00
zras   = -0.000000000000000e+00 1.000000000000000e+00 0.000000000000000e+00
cras   = -1.000000000000000e+00 -2.000000000000000e+00 -1.600000000000000e+01
dst volume info
valid = 1  # volume info valid
filename = /media/nhp/data2/template/RB_all_2016-05-10.vc700.gca
volume = 256 256 256
voxelsize = 1.000000000000000e+00 1.000000000000000e+00 1.000000000000000e+00
xras   = -1.000000000000000e+00 0.000000000000000e+00 0.000000000000000e+00
yras   = 0.000000000000000e+00 0.000000000000000e+00 -1.000000000000000e+00
zras   = 0.000000000000000e+00 1.000000000000000e+00 0.000000000000000e+00
cras   = 0.000000000000000e+00 0.000000000000000e+00 0.000000000000000e+00
